                      Device Bandwidth GB/sec
--------------------------------------------------------------------- 
                          char           uint          uint2
Problem Size MB
        1.23515         24.3216        79.9968        93.1205
         2.4703         48.0977        106.773        114.706
         4.9406         54.0027        125.523        133.964
         9.8812         57.7983         137.33        146.867
        19.7624         60.5199        143.689        154.703
        39.5248         61.4533        146.068        159.539
        79.0496         61.8805        149.951        162.067
        158.099         62.1447        151.075        163.309
        316.198         62.2718        144.983         163.82

